0,4,2,4,0,7,1,1,0,2,2,3,4,18,3,1,B,
1,2,0,3,1,12,3,1,3,1,1,2,4,45,3,2,B,
1,3,2,2,1,7,2,2,2,2,3,1,6,52,0,3,A,
0,3,2,1,3,2,52,3,2,2,3,1,1,36,2,4,A,
0,4,2,5,0,2,55,3,3,2,4,1,4,40,3,5,B,
1,3,0,4,1,11,69,3,2,0,3,0,4,10,1,6,B,
0,4,0,2,2,7,88,1,4,0,1,4,11,66,3,7,A,
0,1,2,4,1,10,74,2,1,1,3,0,7,49,3,8,B,
1,3,0,4,0,9,31,0,3,1,1,2,9,56,0,9,B,
1,3,1,0,3,10,20,2,1,2,0,0,7,8,1,10,A,
0,0,0,3,1,1,39,1,4,0,0,2,0,0,3,11,B,
0,3,1,0,5,3,77,0,0,1,5,1,8,25,2,12,A,
1,2,1,1,4,9,73,0,2,1,5,1,9,22,2,13,A,
1,2,0,3,0,9,66,0,1,2,2,0,11,60,0,14,B,
0,0,1,1,3,2,61,1,3,2,4,0,4,83,3,15,A,
0,1,1,0,1,2,3,0,2,2,1,1,1,28,1,16,A,
1,2,0,2,0,0,0,1,3,1,0,2,2,74,0,17,B,
0,0,2,1,3,5,30,2,2,1,2,2,4,29,0,18,A,
1,4,0,4,0,0,0,3,4,0,1,4,11,58,2,19,B,
0,0,0,2,1,8,76,1,1,2,0,0,9,25,3,20,B,
0,0,0,0,6,8,26,2,1,2,3,1,3,22,1,21,A,
1,4,1,2,0,2,75,1,1,0,2,1,8,90,0,22,B,
0,0,2,3,1,5,2,2,1,1,2,2,3,6,0,23,B,
1,3,0,2,3,7,69,3,2,0,0,2,9,54,1,24,B,
0,0,2,5,1,3,82,0,0,2,0,5,3,67,3,25,B,
1,0,1,3,0,5,71,3,4,0,4,0,3,70,1,26,B,
1,0,2,4,1,10,37,1,0,2,2,1,6,59,3,27,B,
1,2,1,5,0,12,68,1,2,1,1,3,3,81,3,28,B,
0,2,2,5,0,0,0,3,4,1,3,1,8,67,3,29,B,
1,0,2,3,1,4,43,2,3,1,2,3,12,68,1,30,B,
0,2,2,3,0,8,65,1,2,2,3,1,10,46,3,31,A,
0,3,0,5,1,0,0,2,4,2,1,0,9,51,3,32,B,
0,4,1,3,0,0,0,3,3,2,0,1,10,47,2,33,B,
1,1,2,3,1,11,31,3,4,2,0,1,8,18,2,34,B,
1,0,2,5,1,12,68,1,3,1,1,0,0,0,2,35,B,
1,3,1,1,4,12,67,1,3,1,5,1,12,23,0,36,A,
1,0,0,0,0,3,38,1,4,1,2,0,7,18,2,37,A,
0,1,1,3,0,11,6,0,0,1,2,2,11,27,1,38,B,
0,4,1,0,5,3,21,2,2,2,0,2,4,41,1,39,A,
0,1,0,1,0,3,48,3,0,1,5,1,4,71,3,40,A,
0,4,0,1,3,5,42,1,2,2,3,1,11,82,1,41,A,
1,1,0,1,4,3,46,3,1,2,0,5,7,31,2,42,B,
0,0,0,2,3,5,8,3,1,1,5,0,8,90,3,43,A,
1,0,1,0,2,10,79,3,2,2,1,2,6,1,3,44,A,
1,2,2,4,1,6,3,2,0,0,2,1,6,32,0,45,B,
1,1,2,0,3,8,22,0,2,2,5,0,11,5,1,46,A,
0,4,2,4,1,10,75,3,4,0,2,1,6,28,3,47,B,
0,2,1,1,0,6,85,0,2,2,2,0,5,44,0,48,A,
1,3,0,4,0,10,29,1,0,0,5,1,0,0,0,49,A,
,,,,,,,,,,,,,,,,,
,,,,,,,,,,,,,,,,,
,,,,,,,,,,,,,,,,,
,,,,,,,,,,,,,,,,,
,,,,,,,,,,,,,,,,,
,,,,,,,,,,,,,,,,,
,,,,,,,,,,,,,,,,,
,,,,,,,,,,,,,,,,,
,,,,,,,,,,,,,,,,,
,,,,,,,,,,,,,,,,,
,,,,,,,,,,,,,,,,,
,,,,,,,,,,,,,,,,,
,,,,,,,,,,,,,,,,,
,,,,,,,,,,,,,,,,,
,,,,,,,,,,,,,,,,,
,,,,,,,,,,,,,,,,,
,,,,,,,,,,,,,,,,,
,,,,,,,,,,,,,,,,,
,,,,,,,,,,,,,,,,,
,,,,,,,,,,,,,,,,,
,,,,,,,,,,,,,,,,,
,,,,,,,,,,,,,,,,,
,,,,,,,,,,,,,,,,,
,,,,,,,,,,,,,,,,,
,,,,,,,,,,,,,,,,,
,,,,,,,,,,,,,,,,,
,,,,,,,,,,,,,,,,,
,,,,,,,,,,,,,,,,,
,,,,,,,,,,,,,,,,,
,,,,,,,,,,,,,,,,,
,,,,,,,,,,,,,,,,,
,,,,,,,,,,,,,,,,,
,,,,,,,,,,,,,,,,,
,,,,,,,,,,,,,,,,,
,,,,,,,,,,,,,,,,,
,,,,,,,,,,,,,,,,,
,,,,,,,,,,,,,,,,,
,,,,,,,,,,,,,,,,,
,,,,,,,,,,,,,,,,,
,,,,,,,,,,,,,,,,,
,,,,,,,,,,,,,,,,,
,,,,,,,,,,,,,,,,,
,,,,,,,,,,,,,,,,,
,,,,,,,,,,,,,,,,,
,,,,,,,,,,,,,,,,,
,,,,,,,,,,,,,,,,,
,,,,,,,,,,,,,,,,,
,,,,,,,,,,,,,,,,,
,,,,,,,,,,,,,,,,,
,,,,,,,,,,,,,,,,,
,,,,,,,,,,,,,,,,,
,,,,,,,,,,,,,,,,,
,,,,,,,,,,,,,,,,,
,,,,,,,,,,,,,,,,,
,,,,,,,,,,,,,,,,,
,,,,,,,,,,,,,,,,,
,,,,,,,,,,,,,,,,,
,,,,,,,,,,,,,,,,,
,,,,,,,,,,,,,,,,,
,,,,,,,,,,,,,,,,,
,,,,,,,,,,,,,,,,,
,,,,,,,,,,,,,,,,,
,,,,,,,,,,,,,,,,,
,,,,,,,,,,,,,,,,,
,,,,,,,,,,,,,,,,,
,,,,,,,,,,,,,,,,,
,,,,,,,,,,,,,,,,,
,,,,,,,,,,,,,,,,,
,,,,,,,,,,,,,,,,,
