0,3,1,1,4,5,51,0,0,0,5,0,3,76,2,1,A,
1,1,0,5,1,9,3,2,3,0,3,1,4,55,1,2,B,
1,1,0,5,0,0,0,2,0,2,5,0,11,81,1,3,A,
1,2,2,5,1,4,86,1,3,1,5,1,11,70,0,4,A,
0,0,2,0,6,11,50,1,2,0,2,3,9,17,1,5,A,
0,0,2,0,4,1,69,0,2,0,3,1,6,52,2,6,A,
0,0,0,1,0,6,42,1,4,0,4,1,6,50,1,7,B,
0,1,1,5,0,10,89,3,0,2,3,1,2,70,0,8,B,
1,0,1,3,1,1,19,1,1,1,1,4,3,20,3,9,B,
0,3,2,1,2,8,32,1,4,2,2,1,5,23,2,10,A,
1,2,0,3,0,10,21,1,1,1,4,1,8,28,3,11,B,
1,3,1,4,1,10,76,3,4,2,2,2,7,85,3,12,B,
1,4,1,2,0,11,4,0,2,2,0,0,10,32,2,13,B,
1,2,0,4,1,8,81,2,3,0,0,4,11,49,1,14,B,
1,3,2,5,0,11,84,1,4,1,2,1,8,47,2,15,B,
1,4,2,3,0,11,17,2,0,2,5,0,0,0,2,16,B,
1,1,2,5,0,9,62,1,0,1,5,0,3,44,3,17,A,
1,3,0,3,1,11,3,2,4,1,3,0,0,0,1,18,A,
1,0,0,2,3,7,3,2,4,2,2,2,9,3,3,19,B,
0,2,2,2,2,10,31,0,4,0,0,3,2,88,2,20,B,
0,4,0,3,1,7,58,3,4,2,4,1,9,86,2,21,B,
1,2,1,5,1,0,0,3,1,0,3,0,7,2,0,22,A,
0,0,2,3,0,8,13,2,0,0,0,1,10,18,3,23,B,
0,0,2,5,1,5,19,3,3,2,2,1,1,1,2,24,B,
1,0,1,4,0,4,69,2,4,0,1,0,11,21,0,25,B,
1,1,1,3,1,9,26,0,1,0,4,0,2,59,2,26,A,
0,0,0,1,3,10,86,1,4,0,1,2,3,8,2,27,B,
0,3,0,2,0,0,0,0,2,2,2,3,12,83,2,28,B,
1,1,2,3,1,10,55,2,2,0,1,0,7,63,3,29,A,
0,4,0,4,1,4,30,2,1,2,3,0,2,39,0,30,B,
0,3,1,3,1,10,83,2,4,0,5,0,1,14,3,31,A,
1,0,2,2,0,3,77,1,1,2,2,0,11,47,2,32,A,
1,0,0,1,1,9,38,3,3,0,4,0,11,78,1,33,A,
0,1,1,5,0,11,63,3,0,0,5,1,9,9,0,34,B,
1,1,0,0,6,1,55,1,4,1,1,4,9,57,1,35,A,
0,0,0,2,3,10,51,2,2,1,0,2,10,43,3,36,B,
0,3,0,5,1,2,52,1,0,2,4,0,3,27,2,37,B,
1,1,2,0,4,4,57,2,4,1,5,0,3,41,2,38,A,
0,3,1,1,1,0,0,3,0,2,2,3,6,10,2,39,B,
0,0,0,2,1,2,72,3,2,2,0,4,5,85,2,40,B,
,,,,,,,,,,,,,,,,,
,,,,,,,,,,,,,,,,,
,,,,,,,,,,,,,,,,,
,,,,,,,,,,,,,,,,,
,,,,,,,,,,,,,,,,,
,,,,,,,,,,,,,,,,,
,,,,,,,,,,,,,,,,,
,,,,,,,,,,,,,,,,,
,,,,,,,,,,,,,,,,,
,,,,,,,,,,,,,,,,,
,,,,,,,,,,,,,,,,,
,,,,,,,,,,,,,,,,,
,,,,,,,,,,,,,,,,,
,,,,,,,,,,,,,,,,,
,,,,,,,,,,,,,,,,,
,,,,,,,,,,,,,,,,,
,,,,,,,,,,,,,,,,,
,,,,,,,,,,,,,,,,,
,,,,,,,,,,,,,,,,,
,,,,,,,,,,,,,,,,,
,,,,,,,,,,,,,,,,,
,,,,,,,,,,,,,,,,,
,,,,,,,,,,,,,,,,,
,,,,,,,,,,,,,,,,,
,,,,,,,,,,,,,,,,,
,,,,,,,,,,,,,,,,,
,,,,,,,,,,,,,,,,,
,,,,,,,,,,,,,,,,,
,,,,,,,,,,,,,,,,,
,,,,,,,,,,,,,,,,,
,,,,,,,,,,,,,,,,,
,,,,,,,,,,,,,,,,,
,,,,,,,,,,,,,,,,,
,,,,,,,,,,,,,,,,,
,,,,,,,,,,,,,,,,,
,,,,,,,,,,,,,,,,,
,,,,,,,,,,,,,,,,,
,,,,,,,,,,,,,,,,,
,,,,,,,,,,,,,,,,,
,,,,,,,,,,,,,,,,,
,,,,,,,,,,,,,,,,,
,,,,,,,,,,,,,,,,,
,,,,,,,,,,,,,,,,,
,,,,,,,,,,,,,,,,,
,,,,,,,,,,,,,,,,,
,,,,,,,,,,,,,,,,,
,,,,,,,,,,,,,,,,,
,,,,,,,,,,,,,,,,,
,,,,,,,,,,,,,,,,,
,,,,,,,,,,,,,,,,,
,,,,,,,,,,,,,,,,,
,,,,,,,,,,,,,,,,,
,,,,,,,,,,,,,,,,,
,,,,,,,,,,,,,,,,,
,,,,,,,,,,,,,,,,,
,,,,,,,,,,,,,,,,,
,,,,,,,,,,,,,,,,,
,,,,,,,,,,,,,,,,,
