1,0,1,4,2,3,8,0,2,1,2,1,9,44,2,1,B,
1,3,1,2,3,9,43,0,2,2,0,6,8,84,0,2,B,
0,2,0,0,2,13,35,2,4,2,1,1,0,0,2,3,,
1,2,1,3,0,9,88,2,2,1,5,2,10,11,2,4,B,
1,4,1,2,0,1,72,0,2,1,3,1,12,41,2,5,B,
0,2,1,2,3,4,44,1,2,0,1,4,10,3,3,6,B,
1,0,2,4,0,1,5,2,2,1,1,0,5,5,2,7,B,
0,1,0,0,3,11,55,2,2,0,1,4,3,23,2,8,A,
1,3,1,5,1,9,55,2,4,1,4,2,1,56,3,9,B,
1,3,2,3,2,9,29,2,4,1,0,4,6,73,0,10,A,
1,2,1,0,3,1,78,1,4,1,3,2,3,29,2,11,A,
0,4,0,5,1,9,31,0,2,2,3,0,10,59,3,12,B,
0,1,1,1,1,1,14,2,0,1,4,1,5,50,1,13,A,
1,4,1,1,1,1,56,2,2,1,4,0,1,80,3,14,A,
1,4,0,5,2,1,1,3,2,2,3,0,10,3,2,15,A,
0,0,1,5,1,11,44,1,0,0,5,2,1,27,3,16,A,
1,3,0,0,4,8,71,0,1,0,3,1,11,35,1,17,A,
0,3,1,0,3,10,3,2,1,1,4,2,0,0,3,18,,
1,4,1,2,2,13,14,3,3,2,1,2,4,22,0,19,B,
1,3,2,4,1,4,19,0,0,2,2,4,11,81,1,20,B,
0,1,0,1,2,4,45,0,4,2,0,6,11,88,1,21,B,
0,1,1,3,1,12,88,3,3,2,0,5,5,4,0,22,B,
1,3,2,3,2,6,5,0,0,2,0,6,11,73,3,23,B,
1,0,1,4,0,9,49,1,2,2,4,0,5,21,3,24,B,
0,2,0,4,2,8,44,3,3,2,1,2,4,49,1,25,B,
1,3,2,0,6,3,23,2,4,0,4,2,5,74,0,26,A,
0,2,1,3,2,12,35,2,3,0,1,1,8,28,2,27,A,
0,4,2,5,0,3,63,3,0,1,5,1,2,55,1,28,,
,,,,,,,,,,,,,,,,,
,,,,,,,,,,,,,,,,,
,,,,,,,,,,,,,,,,,
,,,,,,,,,,,,,,,,,
,,,,,,,,,,,,,,,,,
,,,,,,,,,,,,,,,,,
,,,,,,,,,,,,,,,,,
,,,,,,,,,,,,,,,,,
,,,,,,,,,,,,,,,,,
,,,,,,,,,,,,,,,,,
,,,,,,,,,,,,,,,,,
,,,,,,,,,,,,,,,,,
,,,,,,,,,,,,,,,,,
,,,,,,,,,,,,,,,,,
,,,,,,,,,,,,,,,,,
,,,,,,,,,,,,,,,,,
,,,,,,,,,,,,,,,,,
,,,,,,,,,,,,,,,,,
,,,,,,,,,,,,,,,,,
,,,,,,,,,,,,,,,,,
,,,,,,,,,,,,,,,,,
,,,,,,,,,,,,,,,,,
,,,,,,,,,,,,,,,,,
,,,,,,,,,,,,,,,,,
,,,,,,,,,,,,,,,,,
,,,,,,,,,,,,,,,,,
,,,,,,,,,,,,,,,,,
,,,,,,,,,,,,,,,,,
,,,,,,,,,,,,,,,,,
,,,,,,,,,,,,,,,,,
,,,,,,,,,,,,,,,,,
,,,,,,,,,,,,,,,,,
,,,,,,,,,,,,,,,,,
,,,,,,,,,,,,,,,,,
,,,,,,,,,,,,,,,,,
,,,,,,,,,,,,,,,,,
,,,,,,,,,,,,,,,,,
,,,,,,,,,,,,,,,,,
,,,,,,,,,,,,,,,,,
,,,,,,,,,,,,,,,,,
,,,,,,,,,,,,,,,,,
,,,,,,,,,,,,,,,,,
,,,,,,,,,,,,,,,,,
,,,,,,,,,,,,,,,,,
,,,,,,,,,,,,,,,,,
,,,,,,,,,,,,,,,,,
,,,,,,,,,,,,,,,,,
,,,,,,,,,,,,,,,,,
,,,,,,,,,,,,,,,,,
,,,,,,,,,,,,,,,,,
,,,,,,,,,,,,,,,,,
,,,,,,,,,,,,,,,,,
,,,,,,,,,,,,,,,,,
,,,,,,,,,,,,,,,,,
,,,,,,,,,,,,,,,,,
,,,,,,,,,,,,,,,,,
,,,,,,,,,,,,,,,,,
,,,,,,,,,,,,,,,,,
,,,,,,,,,,,,,,,,,
,,,,,,,,,,,,,,,,,
,,,,,,,,,,,,,,,,,
,,,,,,,,,,,,,,,,,
,,,,,,,,,,,,,,,,,
,,,,,,,,,,,,,,,,,
,,,,,,,,,,,,,,,,,
,,,,,,,,,,,,,,,,,
,,,,,,,,,,,,,,,,,
,,,,,,,,,,,,,,,,,
,,,,,,,,,,,,,,,,,
,,,,,,,,,,,,,,,,,
,,,,,,,,,,,,,,,,,
